1850 -0.432  0.016 -0.879  0.009 -0.872 -0.155 -0.628  0.196 -1.059  0.255 -1.089
1851 -0.020  0.301 -0.340  0.371 -0.411  0.257 -0.216  0.486 -0.525  0.557 -0.562
1852 -0.320 -0.051 -0.589  0.069 -0.709 -0.041 -0.518  0.153 -0.793  0.229 -0.833
1853 -0.387 -0.195 -0.578 -0.026 -0.747 -0.106 -0.587  0.021 -0.795  0.109 -0.841
1854  0.066  0.257 -0.125  0.427 -0.296  0.346 -0.134  0.475 -0.343  0.562 -0.389
1855 -0.187  0.003 -0.378  0.202 -0.577  0.093 -0.387  0.246 -0.621  0.329 -0.664
1856 -0.353 -0.174 -0.532  0.025 -0.731 -0.072 -0.552  0.065 -0.771  0.151 -0.816
1857 -0.288 -0.124 -0.452  0.073 -0.648 -0.008 -0.487  0.108 -0.684  0.197 -0.731
1858 -0.374 -0.221 -0.527 -0.035 -0.713 -0.094 -0.573 -0.002 -0.746  0.092 -0.796
1859 -0.363 -0.207 -0.518 -0.028 -0.698 -0.083 -0.562  0.007 -0.732  0.101 -0.782
1860 -0.325 -0.172 -0.478  0.009 -0.659 -0.045 -0.524  0.043 -0.692  0.137 -0.743
1861 -0.265 -0.123 -0.407  0.078 -0.609  0.013 -0.463  0.106 -0.637  0.199 -0.686
1862 -0.593 -0.445 -0.742 -0.251 -0.936 -0.313 -0.793 -0.220 -0.967 -0.127 -1.017
1863 -0.307 -0.164 -0.451  0.069 -0.683 -0.031 -0.503  0.095 -0.710  0.181 -0.755
1864 -0.638 -0.499 -0.778 -0.271 -1.005 -0.360 -0.836 -0.246 -1.031 -0.157 -1.078
1865 -0.307 -0.180 -0.434  0.062 -0.677 -0.027 -0.507  0.084 -0.698  0.174 -0.746
1866 -0.359 -0.238 -0.481 -0.014 -0.704 -0.070 -0.568  0.006 -0.725  0.107 -0.780
1867 -0.373 -0.253 -0.493 -0.029 -0.718 -0.084 -0.581 -0.008 -0.738  0.092 -0.793
1868 -0.292 -0.173 -0.412  0.045 -0.629 -0.002 -0.501  0.065 -0.650  0.168 -0.706
1869 -0.261 -0.143 -0.379  0.077 -0.599  0.028 -0.469  0.097 -0.619  0.199 -0.675
1870 -0.267 -0.154 -0.379  0.071 -0.604  0.021 -0.474  0.089 -0.623  0.191 -0.678
1871 -0.415 -0.305 -0.525 -0.078 -0.752 -0.129 -0.620 -0.061 -0.770  0.040 -0.825
1872 -0.165 -0.057 -0.274  0.169 -0.500  0.120 -0.370  0.186 -0.517  0.288 -0.572
1873 -0.206 -0.102 -0.310  0.144 -0.555  0.080 -0.411  0.159 -0.571  0.257 -0.624
1874 -0.343 -0.241 -0.445  0.007 -0.692 -0.056 -0.548  0.021 -0.707  0.120 -0.761
1875 -0.585 -0.484 -0.685 -0.240 -0.930 -0.296 -0.792 -0.225 -0.944 -0.124 -1.000
1876 -0.246 -0.150 -0.343  0.069 -0.562  0.049 -0.461  0.084 -0.576  0.197 -0.640
1877 -0.041  0.057 -0.138  0.274 -0.356  0.255 -0.256  0.289 -0.371  0.402 -0.435
1878  0.108  0.201  0.015  0.417 -0.201  0.403 -0.105  0.431 -0.215  0.545 -0.279
1879 -0.410 -0.317 -0.502 -0.114 -0.706 -0.112 -0.626 -0.100 -0.720  0.020 -0.788
1880 -0.170 -0.080 -0.260  0.160 -0.500  0.128 -0.387  0.172 -0.512  0.284 -0.575
1881 -0.304 -0.214 -0.393  0.011 -0.618 -0.005 -0.521  0.024 -0.631  0.139 -0.696
1882 -0.138 -0.050 -0.226  0.158 -0.435  0.163 -0.358  0.171 -0.448  0.293 -0.518
1883 -0.412 -0.324 -0.501 -0.111 -0.714 -0.111 -0.633 -0.098 -0.727  0.023 -0.796
1884 -0.542 -0.454 -0.630 -0.240 -0.844 -0.240 -0.763 -0.227 -0.856 -0.106 -0.926
1885 -0.501 -0.416 -0.587 -0.194 -0.809 -0.200 -0.722 -0.183 -0.820 -0.063 -0.889
1886 -0.424 -0.339 -0.508 -0.122 -0.726 -0.123 -0.644 -0.110 -0.738  0.011 -0.807
1887 -0.523 -0.440 -0.606 -0.253 -0.793 -0.221 -0.743 -0.240 -0.805 -0.110 -0.881
1888 -0.489 -0.408 -0.571 -0.214 -0.765 -0.188 -0.709 -0.202 -0.777 -0.073 -0.851
1889 -0.229 -0.149 -0.309  0.039 -0.497  0.075 -0.452  0.051 -0.509  0.184 -0.587
1890 -0.468 -0.389 -0.546 -0.207 -0.728 -0.158 -0.696 -0.196 -0.739 -0.056 -0.823
1891 -0.599 -0.523 -0.676 -0.349 -0.850 -0.287 -0.831 -0.337 -0.861 -0.192 -0.949
1892 -0.605 -0.527 -0.682 -0.355 -0.854 -0.294 -0.835 -0.343 -0.866 -0.198 -0.953
1893 -0.690 -0.614 -0.765 -0.438 -0.941 -0.379 -0.920 -0.427 -0.952 -0.283 -1.039
1894 -0.552 -0.478 -0.625 -0.301 -0.802 -0.239 -0.784 -0.291 -0.813 -0.144 -0.901
1895 -0.551 -0.479 -0.624 -0.300 -0.802 -0.238 -0.783 -0.290 -0.813 -0.144 -0.901
1896 -0.380 -0.309 -0.452 -0.139 -0.622 -0.067 -0.613 -0.129 -0.632  0.021 -0.723
1897 -0.302 -0.230 -0.373 -0.061 -0.543  0.013 -0.536 -0.050 -0.553  0.101 -0.645
1898 -0.406 -0.337 -0.475 -0.150 -0.661 -0.086 -0.644 -0.141 -0.670  0.009 -0.762
1899 -0.330 -0.261 -0.400 -0.073 -0.588 -0.013 -0.567 -0.064 -0.597  0.084 -0.687
1900 -0.177 -0.109 -0.245  0.078 -0.432  0.140 -0.414  0.087 -0.441  0.235 -0.532
1901 -0.187 -0.123 -0.251  0.077 -0.452  0.126 -0.421  0.085 -0.459  0.228 -0.546
1902 -0.353 -0.289 -0.417 -0.086 -0.620 -0.044 -0.583 -0.078 -0.628  0.061 -0.711
1903 -0.436 -0.372 -0.499 -0.174 -0.697 -0.131 -0.662 -0.167 -0.705 -0.030 -0.787
1904 -0.571 -0.508 -0.633 -0.284 -0.858 -0.273 -0.792 -0.277 -0.865 -0.153 -0.938
1905 -0.435 -0.374 -0.496 -0.149 -0.721 -0.143 -0.651 -0.143 -0.727 -0.022 -0.798
1906 -0.225 -0.164 -0.286  0.059 -0.508  0.061 -0.436  0.066 -0.515  0.182 -0.583
1907 -0.620 -0.563 -0.677 -0.352 -0.888 -0.340 -0.827 -0.346 -0.894 -0.228 -0.964
1908 -0.494 -0.436 -0.551 -0.223 -0.764 -0.220 -0.695 -0.217 -0.770 -0.105 -0.835
1909 -0.472 -0.415 -0.529 -0.203 -0.741 -0.205 -0.667 -0.197 -0.746 -0.089 -0.809
1910 -0.347 -0.291 -0.402 -0.082 -0.611 -0.084 -0.539 -0.076 -0.617  0.030 -0.679
1911 -0.469 -0.414 -0.525 -0.203 -0.735 -0.210 -0.660 -0.198 -0.741 -0.093 -0.801
1912 -0.393 -0.339 -0.447 -0.134 -0.652 -0.137 -0.582 -0.128 -0.658 -0.024 -0.718
1913 -0.327 -0.273 -0.380 -0.070 -0.583 -0.077 -0.510 -0.064 -0.589  0.036 -0.646
1914 -0.064 -0.010 -0.117  0.191 -0.319  0.179 -0.241  0.197 -0.324  0.292 -0.379
1915 -0.083 -0.030 -0.137  0.172 -0.339  0.151 -0.253  0.178 -0.344  0.268 -0.395
1916 -0.371 -0.317 -0.425 -0.112 -0.630 -0.141 -0.538 -0.107 -0.635 -0.021 -0.683
1917 -0.695 -0.642 -0.749 -0.436 -0.954 -0.470 -0.858 -0.431 -0.959 -0.348 -1.006
1918 -0.490 -0.436 -0.544 -0.233 -0.747 -0.267 -0.652 -0.228 -0.752 -0.146 -0.798
1919 -0.278 -0.224 -0.331 -0.021 -0.534 -0.062 -0.433 -0.016 -0.540  0.061 -0.582
1920 -0.307 -0.253 -0.360 -0.048 -0.566 -0.098 -0.456 -0.042 -0.571  0.030 -0.610
1921 -0.168 -0.116 -0.221  0.090 -0.427  0.041 -0.319  0.096 -0.433  0.168 -0.473
1922 -0.261 -0.209 -0.313 -0.006 -0.516 -0.059 -0.405 -0.001 -0.521  0.068 -0.559
1923 -0.296 -0.244 -0.347 -0.045 -0.547 -0.095 -0.440 -0.039 -0.552  0.030 -0.590
1924 -0.370 -0.319 -0.422 -0.119 -0.622 -0.174 -0.511 -0.113 -0.627 -0.047 -0.663
1925 -0.281 -0.229 -0.332 -0.028 -0.533 -0.094 -0.414 -0.023 -0.538  0.038 -0.571
1926 -0.046  0.004 -0.097  0.202 -0.295  0.131 -0.171  0.207 -0.300  0.263 -0.329
1927 -0.231 -0.181 -0.282  0.014 -0.476 -0.059 -0.352  0.019 -0.482  0.073 -0.509
1928 -0.165 -0.114 -0.215  0.077 -0.406  0.003 -0.281  0.082 -0.411  0.133 -0.437
1929 -0.444 -0.394 -0.494 -0.201 -0.688 -0.284 -0.555 -0.196 -0.693 -0.148 -0.716
1930 -0.137 -0.087 -0.187  0.103 -0.376  0.015 -0.240  0.108 -0.381  0.151 -0.402
1931 -0.125 -0.077 -0.172  0.106 -0.356  0.028 -0.230  0.111 -0.361  0.156 -0.383
1932 -0.056 -0.009 -0.103  0.173 -0.285  0.092 -0.158  0.177 -0.289  0.220 -0.311
1933 -0.296 -0.250 -0.342 -0.067 -0.525 -0.152 -0.395 -0.062 -0.530 -0.021 -0.550
1934 -0.071 -0.025 -0.117  0.158 -0.300  0.067 -0.164  0.163 -0.305  0.200 -0.323
1935 -0.167 -0.121 -0.213  0.063 -0.397 -0.037 -0.255  0.067 -0.402  0.101 -0.418
1936 -0.111 -0.066 -0.157  0.113 -0.336  0.012 -0.192  0.118 -0.340  0.149 -0.354
1937 -0.071 -0.025 -0.116  0.155 -0.297  0.046 -0.147  0.160 -0.302  0.188 -0.314
1938  0.109  0.154  0.064  0.339 -0.121  0.219  0.039  0.343 -0.125  0.368 -0.136
1939 -0.059 -0.014 -0.103  0.172 -0.290  0.045 -0.123  0.177 -0.294  0.198 -0.302
1940 -0.030  0.014 -0.074  0.199 -0.258  0.064 -0.086  0.203 -0.262  0.221 -0.269
1941 -0.013  0.029 -0.055  0.197 -0.223  0.081 -0.070  0.202 -0.227  0.221 -0.235
1942 -0.028  0.014 -0.070  0.179 -0.234  0.058 -0.078  0.183 -0.239  0.200 -0.244
1943 -0.064 -0.022 -0.106  0.146 -0.274  0.015 -0.108  0.150 -0.278  0.164 -0.282
1944  0.073  0.115  0.032  0.279 -0.132  0.144  0.036  0.283 -0.136  0.294 -0.139
1945 -0.100 -0.059 -0.142  0.105 -0.306 -0.037 -0.131  0.109 -0.310  0.119 -0.313
1946 -0.078 -0.036 -0.120  0.127 -0.284 -0.022 -0.103  0.131 -0.288  0.139 -0.289
1947 -0.009  0.032 -0.050  0.195 -0.213  0.040 -0.028  0.199 -0.217  0.204 -0.218
1948 -0.059 -0.019 -0.100  0.140 -0.259 -0.018 -0.072  0.144 -0.263  0.149 -0.263
1949 -0.150 -0.111 -0.189  0.045 -0.346 -0.115 -0.157  0.049 -0.350  0.052 -0.350
1950 -0.318 -0.280 -0.356 -0.119 -0.517 -0.291 -0.318 -0.116 -0.521 -0.114 -0.521
1951 -0.125 -0.091 -0.159  0.063 -0.314 -0.099 -0.125  0.066 -0.317  0.068 -0.317
1952 -0.037 -0.003 -0.071  0.151 -0.226 -0.012 -0.037  0.154 -0.229  0.156 -0.229
1953  0.058  0.092  0.025  0.247 -0.131  0.082  0.058  0.250 -0.134  0.252 -0.134
1954 -0.186 -0.153 -0.219 -0.000 -0.372 -0.163 -0.186  0.003 -0.375  0.004 -0.375
1955 -0.204 -0.171 -0.237 -0.018 -0.389 -0.182 -0.204 -0.016 -0.392 -0.014 -0.392
1956 -0.433 -0.400 -0.466 -0.253 -0.612 -0.412 -0.433 -0.250 -0.615 -0.249 -0.615
1957 -0.052 -0.019 -0.084  0.120 -0.224 -0.032 -0.052  0.123 -0.227  0.125 -0.227
1958  0.081  0.114  0.048  0.252 -0.090  0.099  0.081  0.255 -0.094  0.256 -0.094
1959 -0.011  0.021 -0.044  0.158 -0.180  0.006 -0.011  0.161 -0.183  0.162 -0.183
1960 -0.100 -0.068 -0.132  0.069 -0.269 -0.084 -0.100  0.073 -0.272  0.073 -0.272
1961  0.040  0.072  0.009  0.207 -0.126  0.056  0.040  0.210 -0.129  0.211 -0.129
1962 -0.000  0.032 -0.032  0.169 -0.169  0.014 -0.000  0.172 -0.172  0.172 -0.172
1963  0.007  0.038 -0.024  0.174 -0.160  0.020  0.007  0.177 -0.163  0.177 -0.163
1964 -0.285 -0.254 -0.316 -0.118 -0.452 -0.273 -0.285 -0.115 -0.455 -0.114 -0.455
1965 -0.185 -0.154 -0.217 -0.015 -0.356 -0.175 -0.185 -0.012 -0.359 -0.012 -0.359
1966 -0.116 -0.084 -0.147  0.054 -0.285 -0.106 -0.116  0.057 -0.288  0.057 -0.288
1967 -0.120 -0.089 -0.151  0.049 -0.289 -0.111 -0.120  0.052 -0.292  0.053 -0.292
1968 -0.209 -0.178 -0.241 -0.040 -0.379 -0.202 -0.209 -0.037 -0.382 -0.037 -0.382
1969 -0.059 -0.028 -0.090  0.108 -0.225 -0.052 -0.059  0.111 -0.228  0.111 -0.228
1970 -0.022  0.009 -0.053  0.146 -0.190 -0.017 -0.022  0.148 -0.193  0.148 -0.193
1971 -0.205 -0.173 -0.237 -0.036 -0.374 -0.201 -0.205 -0.034 -0.377 -0.033 -0.377
1972 -0.176 -0.145 -0.208 -0.009 -0.344 -0.173 -0.176 -0.006 -0.347 -0.006 -0.347
1973  0.156  0.188  0.124  0.324 -0.012  0.158  0.156  0.327 -0.015  0.327 -0.015
1974 -0.306 -0.274 -0.338 -0.142 -0.469 -0.305 -0.306 -0.139 -0.472 -0.139 -0.472
1975 -0.114 -0.082 -0.146  0.054 -0.282 -0.114 -0.114  0.057 -0.285  0.057 -0.285
1976 -0.368 -0.336 -0.400 -0.199 -0.536 -0.368 -0.369 -0.196 -0.539 -0.196 -0.539
1977  0.072  0.103  0.040  0.241 -0.098  0.072  0.069  0.244 -0.101  0.244 -0.101
1978 -0.046 -0.015 -0.078  0.125 -0.218 -0.046 -0.050  0.128 -0.220  0.128 -0.221
1979  0.062  0.094  0.029  0.234 -0.110  0.062  0.057  0.237 -0.113  0.237 -0.113
1980  0.141  0.173  0.109  0.317 -0.035  0.141  0.136  0.320 -0.038  0.320 -0.038
1981  0.248  0.280  0.217  0.424  0.072  0.248  0.242  0.427  0.069  0.427  0.069
1982  0.021  0.053 -0.011  0.193 -0.152  0.021  0.013  0.196 -0.154  0.196 -0.155
1983  0.320  0.352  0.289  0.494  0.146  0.320  0.312  0.497  0.144  0.497  0.143
1984 -0.058 -0.026 -0.090  0.115 -0.231 -0.058 -0.068  0.118 -0.234  0.118 -0.234
1985 -0.010  0.022 -0.042  0.166 -0.185 -0.010 -0.020  0.169 -0.188  0.169 -0.188
1986  0.117  0.149  0.085  0.294 -0.060  0.117  0.105  0.297 -0.063  0.297 -0.063
1987  0.290  0.322  0.258  0.465  0.114  0.290  0.277  0.468  0.111  0.468  0.111
1988  0.342  0.375  0.310  0.518  0.167  0.342  0.328  0.521  0.164  0.521  0.163
1989  0.195  0.227  0.162  0.371  0.018  0.195  0.180  0.374  0.015  0.374  0.015
1990  0.429  0.461  0.396  0.609  0.248  0.429  0.412  0.612  0.245  0.612  0.244
1991  0.339  0.373  0.304  0.525  0.152  0.339  0.321  0.528  0.149  0.528  0.149
1992  0.103  0.138  0.068  0.293 -0.088  0.103  0.085  0.297 -0.091  0.297 -0.092
1993  0.183  0.218  0.148  0.378 -0.012  0.183  0.164  0.381 -0.015  0.381 -0.016
1994  0.326  0.361  0.291  0.528  0.124  0.326  0.305  0.531  0.121  0.531  0.120
1995  0.476  0.512  0.441  0.675  0.278  0.476  0.455  0.678  0.275  0.678  0.274
1996  0.215  0.250  0.179  0.418  0.011  0.215  0.192  0.421  0.008  0.421  0.007
1997  0.464  0.500  0.429  0.662  0.267  0.464  0.441  0.665  0.264  0.665  0.262
1998  0.821  0.857  0.786  1.021  0.622  0.821  0.797  1.024  0.619  1.024  0.617
1999  0.493  0.528  0.457  0.690  0.295  0.493  0.467  0.693  0.292  0.693  0.290
2000  0.363  0.399  0.327  0.560  0.165  0.363  0.336  0.563  0.162  0.563  0.160
2001  0.559  0.597  0.522  0.766  0.353  0.559  0.531  0.769  0.349  0.769  0.348
2002  0.666  0.703  0.629  0.867  0.464  0.666  0.637  0.870  0.461  0.870  0.459
2003  0.645  0.682  0.608  0.847  0.443  0.645  0.615  0.851  0.439  0.851  0.437
2004  0.622  0.660  0.585  0.823  0.422  0.622  0.591  0.826  0.418  0.826  0.416
2005  0.760  0.797  0.723  0.966  0.554  0.760  0.728  0.970  0.550  0.970  0.548
2006  0.674  0.712  0.635  0.879  0.469  0.674  0.640  0.883  0.465  0.883  0.462
2007  0.680  0.720  0.641  0.887  0.474  0.680  0.646  0.891  0.470  0.891  0.467
2008  0.527  0.566  0.488  0.735  0.319  0.527  0.491  0.739  0.315  0.739  0.312
2009  0.658  0.696  0.619  0.860  0.455  0.658  0.621  0.863  0.452  0.863  0.449
2010  0.752  0.790  0.714  0.952  0.552  0.752  0.714  0.955  0.549  0.955  0.545
2011  0.561  0.599  0.522  0.765  0.356  0.561  0.522  0.769  0.352  0.769  0.349
2012  0.629  0.667  0.591  0.832  0.425  0.629  0.589  0.836  0.422  0.836  0.418
2013  0.750  0.789  0.712  0.952  0.548  0.750  0.709  0.956  0.545  0.956  0.541
2014  0.750  0.792  0.708  0.960  0.540  0.750  0.708  0.964  0.536  0.964  0.532
